                                                                BULLETIN B 434
                                        			1 April 2024   
    
 Contents are described in https://hpiers.obspm.fr/iers/bul/bulb_new/bulletinb.pdf 
	
 1 - DAILY FINAL VALUES OF x, y, UT1-UTC, dX, dY
 Angular unit is milliarcsecond (mas), time unit is millisecond (ms). 
 Upgraded solution from March 1 2017 - consistent with ITRF 2014.
 
       DATE     MJD       x       y      UT1-UTC      dX     dY     x err    y err   UT1 err  dX err  dY err
    (0 h UTC)            mas     mas       ms         mas    mas     mas      mas      ms     mas     mas

 Final values 

 Mean formal error      0.052    0.043    0.0154    0.045  0.039 
 
2024   2   2   60342   62.874  220.789    3.7331    0.305 -0.124    0.052    0.049    0.0145  0.068  0.070
2024   2   3   60343   60.211  222.635    3.3437    0.319 -0.120    0.054    0.049    0.0145  0.065  0.067
2024   2   4   60344   57.633  224.278    3.1545    0.338 -0.129    0.059    0.049    0.0149  0.056  0.057
2024   2   5   60345   55.861  226.014    3.1605    0.359 -0.143    0.058    0.046    0.0119  0.046  0.046
2024   2   6   60346   53.715  227.858    3.3169    0.378 -0.158    0.058    0.045    0.0197  0.039  0.038
2024   2   7   60347   52.368  229.269    3.4835    0.396 -0.166    0.058    0.045    0.0244  0.038  0.036
2024   2   8   60348   51.267  231.164    3.5938    0.408 -0.171    0.059    0.046    0.0261  0.038  0.036
2024   2   9   60349   49.695  233.053    3.5361    0.411 -0.175    0.057    0.046    0.0210  0.037  0.035
2024   2  10   60350   48.208  235.284    3.1659    0.389 -0.186    0.059    0.044    0.0189  0.037  0.035
2024   2  11   60351   47.051  237.191    2.4222    0.353 -0.196    0.061    0.045    0.0138  0.037  0.034
2024   2  12   60352   46.123  238.811    1.3969    0.312 -0.200    0.060    0.045    0.0106  0.038  0.034
2024   2  13   60353   44.604  240.650    0.2711    0.276 -0.192    0.059    0.046    0.0119  0.038  0.033
2024   2  14   60354   42.446  242.137   -0.8137    0.263 -0.150    0.056    0.045    0.0141  0.039  0.035
2024   2  15   60355   40.469  243.138   -1.7285    0.261 -0.097    0.057    0.045    0.0167  0.041  0.038
2024   2  16   60356   38.697  243.979   -2.4041    0.263 -0.047    0.058    0.048    0.0169  0.043  0.041
2024   2  17   60357   36.971  245.192   -2.7677    0.257 -0.032    0.045    0.037    0.0162  0.043  0.041
2024   2  18   60358   34.999  246.697   -2.8493    0.250 -0.040    0.045    0.037    0.0149  0.041  0.038
2024   2  19   60359   32.827  248.251   -2.7394    0.247 -0.058    0.045    0.037    0.0135  0.039  0.035
2024   2  20   60360   30.922  249.730   -2.5009    0.253 -0.082    0.045    0.037    0.0127  0.038  0.032
2024   2  21   60361   28.760  251.583   -2.2114    0.291 -0.097    0.044    0.037    0.0124  0.043  0.034
2024   2  22   60362   26.384  253.181   -1.9402    0.335 -0.110    0.045    0.037    0.0120  0.050  0.038
2024   2  23   60363   24.110  255.363   -1.7547    0.371 -0.126    0.045    0.038    0.0108  0.057  0.041
2024   2  24   60364   21.468  257.705   -1.6871    0.358 -0.155    0.046    0.039    0.0099  0.056  0.041
2024   2  25   60365   18.801  259.535   -1.8110    0.315 -0.189    0.046    0.040    0.0172  0.052  0.038
2024   2  26   60366   16.294  261.582   -2.0941    0.265 -0.218    0.047    0.043    0.0166  0.047  0.036
2024   2  27   60367   13.538  263.684   -2.4598    0.222 -0.237    0.048    0.044    0.0170  0.044  0.034
2024   2  28   60368   10.696  265.653   -2.8207    0.222 -0.217    0.050    0.043    0.0164  0.044  0.034
2024   2  29   60369    7.906  267.857   -3.1280    0.241 -0.184    0.052    0.043    0.0149  0.046  0.035
2024   3   1   60370    5.546  269.875   -3.3416    0.266 -0.154    0.058    0.043    0.0133  0.048  0.036

 Preliminary extension 
2024   3   2   60371    4.476  272.298   -3.4709    0.285 -0.168    0.060    0.046    0.0121  0.050  0.037
2024   3   3   60372    3.449  275.467   -3.4854    0.298 -0.206    0.054    0.043    0.0116  0.054  0.041
2024   3   4   60373    2.166  278.191   -3.3064    0.306 -0.245    0.050    0.040    0.0120  0.059  0.045
2024   3   5   60374    0.683  280.467   -2.9647    0.309 -0.272    0.047    0.039    0.0130  0.063  0.048
2024   3   6   60375   -0.718  282.454   -2.6362    0.297 -0.253    0.046    0.039    0.0143  0.073  0.057
2024   3   7   60376   -1.802  284.181   -2.5085    0.280 -0.208    0.046    0.039    0.0156  0.088  0.072
2024   3   8   60377   -2.741  286.087   -2.6834    0.264 -0.151    0.046    0.040    0.0165  0.101  0.085
2024   3   9   60378   -3.653  288.392   -3.2110    0.269 -0.084    0.048    0.041    0.0157  0.109  0.098
2024   3  10   60379   -4.625  290.849   -4.1279    0.284 -0.013    0.052    0.043    0.0144  0.119  0.119
2024   3  11   60380   -6.042  293.408   -5.3327    0.291  0.059    0.055    0.044    0.0140  0.129  0.141
2024   3  12   60381   -7.204  295.667   -6.6231    0.283  0.129    0.056    0.046    0.0139  0.136  0.155
2024   3  13   60382   -7.966  297.884   -7.7514    0.215  0.268    0.056    0.047    0.0138  0.157  0.183
2024   3  14   60383   -8.525  300.010   -8.5863    0.131  0.360    0.057    0.047    0.0140  0.181  0.215
2024   3  15   60384   -9.082  302.199   -9.0766    0.056  0.323    0.057    0.047    0.0138  0.196  0.235
2024   3  16   60385  -10.185  304.814   -9.2633    0.089 -0.076    0.057    0.047    0.0135  0.500  0.500
2024   3  17   60386  -11.352  307.130   -9.2192    0.100 -0.068    0.057    0.047    0.0132  0.500  0.500
2024   3  18   60387  -12.396  309.189   -9.1236    0.109 -0.067    0.058    0.046    0.0134  0.500  0.500
2024   3  19   60388  -13.083  311.379   -9.0881    0.118 -0.071    0.058    0.046    0.0139  0.500  0.500
2024   3  20   60389  -13.415  313.056   -9.1790    0.127 -0.077    0.058    0.046    0.0145  0.500  0.500
2024   3  21   60390  -12.863  314.777   -9.4188    0.135 -0.082    0.058    0.046    0.0155  0.500  0.500
2024   3  22   60391  -12.035  316.462   -9.7798    0.139 -0.083    0.058    0.046    0.0169  0.500  0.500
2024   3  23   60392  -11.311  318.655  -10.2649    0.136 -0.083    0.057    0.046    0.0186  0.500  0.500
2024   3  24   60393  -10.841  321.742  -10.8989    0.127 -0.082    0.057    0.046    0.0196  0.500  0.500
2024   3  25   60394  -10.708  324.736  -11.6470    0.115 -0.083    0.057    0.047    0.0217  0.500  0.500
2024   3  26   60395  -11.039  327.467  -12.4544    0.103 -0.086    0.057    0.049    0.0252  0.500  0.500
2024   3  27   60396  -11.455  330.101  -13.1988    0.094 -0.087    0.058    0.050    0.0289  0.500  0.500
2024   3  28   60397  -12.232  332.912  -13.7820    0.088 -0.085    0.061    0.052    0.0305  0.500  0.500
2024   3  29   60398  -12.662  335.101  -14.1926    0.086 -0.079    0.065    0.055    0.0340  0.500  0.500
2024   3  30   60399  -12.692  337.021  -14.4172    0.086 -0.073    0.072    0.058    0.0398  0.500  0.500
2024   3  31   60400  -12.899  338.954  -14.4413    0.087 -0.070    0.082    0.062    0.0445  0.500  0.500
2024   4   1   60401  -13.251  340.877  -14.3089    0.092 -0.073    0.101    0.072    0.0474  0.500  0.500
 
	
 2 - DAILY FINAL VALUES OF CELESTIAL POLE OFFSETS dPsi1980 & dEps1980
  dPsi1980   dEps1980 ....dPsi,dEps / IAU 1980 precession-nutation model      
 Description : ftp://hpiers.obspm.fr/iers/bul/bulb_new/bulletinb.pdf
 The Reference Systems are described in the 2006 IERS Annual Report.
 
       DATE     MJD    dPsi1980   dEps1980  sig dPsi  sig dEps   
    (0 h UTC)             mas        mas      mas       mas   

2024   2   2   60342  -110.386    -5.882     0.171     0.070
2024   2   3   60343  -110.773    -6.236     0.163     0.067
2024   2   4   60344  -111.012    -6.615     0.141     0.057
2024   2   5   60345  -111.019    -6.788     0.116     0.046
2024   2   6   60346  -111.030    -6.793     0.098     0.038
2024   2   7   60347  -111.218    -6.876     0.096     0.036
2024   2   8   60348  -111.331    -7.125     0.095     0.036
2024   2   9   60349  -111.022    -7.282     0.094     0.035
2024   2  10   60350  -110.472    -7.118     0.094     0.035
2024   2  11   60351  -110.173    -6.782     0.094     0.034
2024   2  12   60352  -110.344    -6.619     0.095     0.034
2024   2  13   60353  -110.767    -6.706     0.095     0.033
2024   2  14   60354  -111.135    -6.808     0.098     0.035
2024   2  15   60355  -111.419    -6.814     0.103     0.038
2024   2  16   60356  -111.627    -6.832     0.108     0.041
2024   2  17   60357  -111.734    -6.990     0.107     0.041
2024   2  18   60358  -111.691    -7.209     0.103     0.038
2024   2  19   60359  -111.492    -7.375     0.099     0.035
2024   2  20   60360  -111.159    -7.498     0.096     0.032
2024   2  21   60361  -110.709    -7.623     0.107     0.034
2024   2  22   60362  -110.326    -7.714     0.126     0.038
2024   2  23   60363  -110.105    -7.644     0.143     0.041
2024   2  24   60364  -110.077    -7.395     0.142     0.041
2024   2  25   60365  -110.081    -7.115     0.131     0.038
2024   2  26   60366  -110.042    -6.989     0.118     0.036
2024   2  27   60367  -109.996    -7.042     0.110     0.034
2024   2  28   60368  -109.916    -7.142     0.111     0.034
2024   2  29   60369  -109.897    -7.260     0.116     0.035
2024   3   1   60370  -109.978    -7.487     0.120     0.036


 3 - EARTH ANGULAR VELOCITY : DAILY FINAL VALUES OF LOD, OMEGA AT 0hUTC
 
 LOD     : Excess of the Length of day - 86400 s TAI 
 OMEGA   : Earth angular velocity  
 Description: ftp://hpiers.obspm.fr/iers/bul/bulb_new/bulletinb.pdf
 
    DATE        MJD     LOD     sigma      OMEGA           sigma        
 (0 h UTC)              ms       ms        mas/ms          mas/ms

2024   2   2   60342  0.4875  0.0302  15.04106709380    0.00000000526 
2024   2   3   60343  0.2961  0.0299  15.04106712712    0.00000000521 
2024   2   4   60344  0.0824  0.0287  15.04106716433    0.00000000500 
2024   2   5   60345 -0.0984  0.0267  15.04106719580    0.00000000465 
2024   2   6   60346 -0.1823  0.0266  15.04106721041    0.00000000463 
2024   2   7   60347 -0.1544  0.0260  15.04106720555    0.00000000453 
2024   2   8   60348 -0.0437  0.0266  15.04106718628    0.00000000463 
2024   2   9   60349  0.1932  0.0258  15.04106714504    0.00000000449 
2024   2  10   60350  0.5577  0.0263  15.04106708158    0.00000000458 
2024   2  11   60351  0.9147  0.0272  15.04106701943    0.00000000474 
2024   2  12   60352  1.1090  0.0276  15.04106698561    0.00000000480 
2024   2  13   60353  1.1281  0.0279  15.04106698228    0.00000000486 
2024   2  14   60354  1.0167  0.0268  15.04106700168    0.00000000467 
2024   2  15   60355  0.7991  0.0261  15.04106703956    0.00000000454 
2024   2  16   60356  0.5260  0.0255  15.04106708710    0.00000000444 
2024   2  17   60357  0.2096  0.0209  15.04106714218    0.00000000364 
2024   2  18   60358 -0.0303  0.0208  15.04106718395    0.00000000362 
2024   2  19   60359 -0.1849  0.0207  15.04106721086    0.00000000360 
2024   2  20   60360 -0.2761  0.0206  15.04106722674    0.00000000359 
2024   2  21   60361 -0.2913  0.0206  15.04106722938    0.00000000359 
2024   2  22   60362 -0.2379  0.0206  15.04106722009    0.00000000359 
2024   2  23   60363 -0.1306  0.0208  15.04106720141    0.00000000362 
2024   2  24   60364  0.0134  0.0211  15.04106717634    0.00000000367 
2024   2  25   60365  0.2042  0.0213  15.04106714312    0.00000000371 
2024   2  26   60366  0.3399  0.0217  15.04106711950    0.00000000378 
2024   2  27   60367  0.3789  0.0225  15.04106711271    0.00000000392 
2024   2  28   60368  0.3410  0.0231  15.04106711931    0.00000000402 
2024   2  29   60369  0.2649  0.0233  15.04106713255    0.00000000406 
2024   3   1   60370  0.1673  0.0239  15.04106714955    0.00000000416 


 4 - INFORMATION ON TIME SCALES 
     
         
     TAI - UTC = 37 s.         during period [60342-60370]

     No leap second introduced during period [60342-60370]

     All information concerning time scales : 
	 - leap seconds announcements : Bulletin C 
	 - DUT1 announcements (UT1-UTC with 0.1 s accuracy) : Bulletin D
      can be found at : 
         - web site : http://hpiers.obspm.fr/eop-pc/
         - anonymous ftp://hpiers.obspm.fr/iers/ 


 5 - SUMMARY OF CONTRIBUTED EARTH ORIENTATION PARAMETERS SERIES
 This section gives the average precision of the individual series, some of them
 contributing to the combination (*) and their average agreement with it. 
 The period covered is that one of Bulletin B. 
 
    Units :  micro-arc-seconds for x/y/dX/dY        micro-seconds for UT1/LOD
-----------------------------------------------------------------------------
  EOP series             first line  : Mean  formal  uncertainty
  Periods covered        second line : Weighted RMS agreement with Bulletin B
-----------------------------------------------------------------------------
                                x     y    UT1   LOD   dX    dY   Data Number		

 VLBI Standards

 
 BKG       
 bkg2023a.eoxy                 49    51     2     -    34    34      11
 60342.27 to 60369.00         112   165    20     -   105    48

 GSFC      
 gsf2023a.eoxy                 48    49     3     7    35    35      12
 60342.27 to 60369.00         144   228    24    16    94    85

 IAA       
 iaa2021a.eops                144   119     7     -    89    88       7
 60342.27 to 60367.21         527   705    43     -   420   630

 USNO      
 usn2023c.eoxy                 38    36     2     -    34    35       9
 60342.27 to 60367.21         107   127    26     -    49    64

 IVS      *
 ivs2023a.eoxy                 45    59     3     -    26    28       8
 60342.27 to 60367.22         107   135    28     -     5     3

 ASI       
 asi2023a.eoxy                120   136    12     -   136   136      10
 60342.27 to 60369.00         296   354    20     -   144   197


 VLBI Intensive

 GSI      *
 gsiint2d.eopi                  -     -     4     -     -     -       7
 60343.33 to 60365.33           -     -    23     -     -     -

 BKG      *
 bkg2023a.eopi                  -     -     7     -     -     -      62
 60342.00 to 60369.75           -     -    25     -     -     -

 GSFC     *
 gsf2023a.eopi                  -     -    12     -     -     -      61
 60342.00 to 60369.75           -     -    28     -     -     -

 IAA      *
 iaa2021a.eopi                  -     -    27     -     -     -      62
 60342.00 to 60369.75           -     -    48     -     -     -

 USNO     *
 usn2023c.eopi                  -     -     8     -     -     -      46
 60342.00 to 60369.75           -     -    40     -     -     -

 

 GPS

 CODE      
 COD0OPSFIN                     3     3     -     0     -     -      28
 60342.50 to 60369.50          34    21     -    10     -     -

 JPL       
 JPL0OPSFIN                    10    12     -     6     -     -      28
 60342.50 to 60369.50          51    38     -    20     -     -

 GFZ       
 GFZ0OPSFIN                     4     4     -     1     -     -      28
 60342.50 to 60369.50          44    29     -    13     -     -

 ESA       
 ESA0OPSFIN                     5     6     -     3     -     -      28
 60342.50 to 60369.50          45    25     -    12     -     -

 SIO       
 SIO0OPSFIN                    25    23     -    10     -     -      28
 60342.50 to 60369.50          54    32     -    22     -     -

 EMR       
 EMR0OPSRAP                     4     3     -     1     -     -      28
 60342.50 to 60369.50          61    47     -    10     -     -

 IAA       
 gnss.res                       0     0     -     0     -     -      28
 60342.50 to 60369.50          69    52     -    19     -     -

 GRGS      
 GRG0OPSFIN                   266   266     -     0     -     -      28
 60342.50 to 60369.50          35    24     -    11     -     -

 ASI       
 asi*.erp                       9     9     -     0     -     -      23
 60342.50 to 60364.50          21    19     -    47     -     -

 MIT       
 MIT0OPSFIN                    11    10     -     1     -     -      28
 60342.50 to 60369.50          50    35     -    16     -     -

 IGS      *
 IGS0OPSRAP                    12    14     -     3     -     -      28
 60342.50 to 60369.50          42    26     -     8     -     -

 IGS      *
 IGS0OPSFIN                     4     4     -     1     -     -      28
 60342.50 to 60369.50          30     8     -     4     -     -


 SLR

 MCC       
 tg*.02                       227   236     -    31     -     -      29
 60342.00 to 60370.00         138   143     -    89     -     -

 IAA       
 slr_v.dat                     93    94     -     6     -     -      29
 60342.00 to 60370.00         236   208     -    30     -     -

 ASI       
 asi.*.eop                     78    69     -    17     -     -      28
 60342.50 to 60369.50         269   165     -    66     -     -

 ILRS     *
 ilrsa.eop                     66    56     -    10     -     -      28
 60342.50 to 60369.50         189   170     -    24     -     -


 BULLETIN A

 NEOS      
 mark3.out                     25    25     7     -     -     -      29
 60342.00 to 60370.00          33    56    21     -     -     -

To unsubscribe : http://hpiers.obspm.fr/eop-pc/products/bulletins/bulletin_registration.html